0
0
38
42
30
62
29
70
37
39
39
39
39
39
39
40
40
40
40
40
40
40
40
40
40
40
40
40
40
40
40
33
30
58
30
104
40
40
40
40
41
40
40
40
40
40
40
40
40
40
40
41
40
40
40
40
40
40
40
38
43
40
40
40
40
41
40
40
40
40
40
40
36
46
39
41
40
40
40
40
40
40
40
40
41
40
40
40
40
40
41
40
40
40
40
40
40
40
40
40
40
40
40
40
40
40
40
40
41
40
40
40
40
40
40
40
41
40
40
40
41
40
40
40
31
30
113
40
40
40
40
40
40
40
40
41
40
40
40
40
40
31
30
108
40
41
40
40
40
40
40
40
41
40
40
40
40
40
40
40
40
40
40
40
40
40
40
40
40
40
40
40
40
40
40
40
40
40
40
40
41
40
40
40
40
41
40
40
41
40
40
40
40
40
40
40
40
41
40
40
40
40
40
40
40
41
40
40
40
40
41
40
40
40
40
40
40
40
40
41
40
40
40
40
40
40
40
40
40
40
40
40
40
40
40
40
40
40
41
40
40
40
40
40
40
40
41
32
30
101
40
40
40
40
40
40
40
40
40
40
40
40
40
40
40
40
40
41
41
41
40
41
40
40
40
40
40
40
40
40
40
40
40
41
40
40
40
41
40
40
41
40
40
40
40
40
40
41
40
40
30
30
120
40
40
40
40
40
40
41
40
40
40
41
40
40
40
40
40
40
40
40
40
40
40
40
40
40
40
40
40
40
40
40
31
30
58
30
58
30
57
30
57
30
59
60
30
56
30
60
30
60
29
59
30
149
40
40
40
40
40
41
40
40
41
40
40
40
40
40
30
60
40
40
40
40
40
40
40
40
40
40
41
41
40
40
40
40
37
44
40
40
40
40
40
40
40
40
40
40
40
40
41
40
40
40
40
40
40
40
40
40
40
40
40
40
40
40
40
40
40
40
40
40
40
40
40
40
40
40
40
40
40
40
40
40
41
40
40
40
30
61
40
40
40
40
40
40
40
40
40
40
40
41
40
40
40
40
40
40
40
40
40
40
40
40
40
40
40
40
40
41
40
40
41
40
30
60
40
40
40
40
40
40
40
40
40
40
40
40
40
40
40
41
40
40
40
40
40
40
40
40
40
40
40
40
40
40
40
40
40
40
40
40
40
40
40
40
40
40
40
40
40
40
40
40
40
40
40
40
40
40
40
40
40
40
40
40
40
40
40
40
40
40
40
40
41
40
40
40
40
40
40
40
40
40
40
40
40
40
41
40
40
40
40
40
40
40
40
40
40
40
40
40
40
40
40
40
40
40
40
40
40
40
40
40
40
40
40
40
40
40
41
40
40
40
40
40
40
30
30
114
40
40
40
40
40
40
41
40
40
40
40
40
40
41
40
40
40
40
40
40
41
40
40
40
40
40
40
40
40
40
40
40
40
40
40
40
40
40
40
40
40
40
40
40
40
40
40
40
40
40
41
40
40
40
40
40
40
41
40
40
40
40
40
40
40
40
40
40
40
40
40
40
40
40
40
40
40
40
40
40
40
40
40
40
40
40
40
39
42
39
42
31
46
48
40
40
40
41
40
40
40
40
40
40
40
40
40
40
39
40
40
40
40
40
40
40
40
40
40
40
40
40
40
40
40
40
40
40
40
40
40
40
